,City,Country,Temperature (F),Latitude,Longitude,Humidity (%),Cloudiness (%),Wind Speed (mph)
0,Barrow,AR,64.22,-38.31,-60.23,88,44,4.61
1,Kapaa,US,64.83,22.08,-159.32,60,1,11.41
2,Krosno Odrzanskie,PL,46.98,52.05,15.1,66,40,11.41
3,Hithadhoo,MV,84.47,-0.6,73.08,100,0,2.82
4,Lira,UG,93.29,2.25,32.9,21,12,13.67
5,Faanui,PF,82.67,-16.48,-151.75,100,68,6.29
6,Hobart,AU,61.9,-42.88,147.33,93,75,2.37
7,Khatanga,RU,12.02,71.98,102.47,80,80,12.77
8,Meulaboh,ID,80.87,4.14,96.13,100,44,2.37
9,Burnie,AU,64.35,-41.05,145.91,96,56,1.99
10,Butaritari,KI,80.42,3.07,172.79,100,92,12.55
11,Jamestown,AU,55.31,-33.21,138.6,90,0,3.6
12,Carnarvon,ZA,86.72,-30.97,22.13,9,0,13.67
13,Penzance,GB,52.29,50.12,-5.53,93,75,10.29
14,Cape Town,ZA,72.1,-33.93,18.42,69,20,13.87
15,Pampa,US,49.98,35.54,-100.96,42,75,14.99
16,Peleduy,RU,9.95,59.63,112.75,85,64,2.37
17,Oranjemund,ZA,65.57,-28.55,16.43,94,92,12.44
18,Rikitea,PF,78.17,-23.12,-134.97,100,0,21.16
19,Punta Arenas,CL,50,-53.16,-70.91,66,75,23.04
20,Upernavik,GL,-9.5,72.79,-56.15,100,24,20.49
21,East London,ZA,78.8,-33.02,27.91,78,20,13.87
22,Boa Vista,BR,89.6,2.82,-60.67,40,0,16.11
23,Qasigiannguit,GL,-9.41,68.82,-51.19,76,90,14.99
24,Opuwo,NA,93.29,-18.06,13.84,19,88,4.5
25,Yumen,CN,33.8,40.29,97.04,79,92,10.87
26,Huarmey,PE,76.82,-10.07,-78.15,66,0,3.94
27,Lebu,ET,71.87,8.96,38.73,20,0,8.75
28,Saint-Philippe,CA,24.78,45.36,-73.48,48,1,4.7
29,Atuona,PF,82.04,-9.8,-139.03,100,56,13.56
30,Hasaki,JP,48.27,35.73,140.83,71,0,4.7
31,Ribeira Grande,PT,62.6,38.52,-28.7,67,40,18.34
32,Codrington,AU,70.97,-28.95,153.24,83,90,5.82
33,Padang,ID,80.6,-0.92,100.36,83,40,1.12
34,Golden,CA,23,51.3,-116.96,92,20,1.81
35,College,US,31.8,64.86,-147.8,86,90,8.05
36,Isawa,NG,103.1,11.56,10.22,13,0,12.66
37,Mataura,NZ,57,-46.19,168.86,93,64,2.93
38,Kavieng,PG,83.93,-2.57,150.8,100,12,7.4
39,Lavrentiya,RU,-3.65,65.58,-170.99,100,0,23.62
40,Bukama,CD,85.73,-9.2,25.85,68,12,3.6
41,Shizunai,JP,34.79,42.33,142.37,90,12,4.94
42,Vityazevo,RU,50,44.99,37.26,87,0,8.95
43,Vologda,RU,32.99,59.22,39.89,95,88,3.94
44,Snasa,NO,42.8,64.25,12.38,52,0,8.05
45,Kiunga,PG,73.76,-6.12,141.3,98,80,2.37
46,Abilene,US,54.5,32.45,-99.73,42,1,18.34
47,Port Alfred,ZA,75.6,-33.59,26.89,90,0,4.05
48,Taganak,PH,82.13,6.08,118.3,83,75,11.41
49,Tasiilaq,GL,21.2,65.61,-37.64,79,75,9.17
50,Puerto Ayora,EC,79.75,-0.74,-90.35,83,0,3.36
51,Pevek,RU,-9.05,69.7,170.27,98,68,25.3
52,Taoudenni,ML,88.7,22.68,-3.98,15,8,10.76
53,Clyde River,CA,-11.21,70.47,-68.59,83,90,35.57
54,Oistins,BB,84.2,13.07,-59.53,58,40,17.22
55,Vaini,IN,77.36,15.34,74.49,56,0,5.61
56,Kirakira,SB,81.59,-10.46,161.92,100,76,6.29
57,Rosetown,CA,33.51,51.55,-107.99,86,0,4
58,Hilo,US,63.05,19.71,-155.08,72,90,6.93
59,Erdenet,MN,13.55,49.03,104.04,50,8,4.27
60,Castro,CL,51.8,-42.48,-73.76,66,20,11.41
61,Saint-Joseph,FR,55.13,43.56,6.97,41,64,10.29
62,Hermanus,ZA,71.53,-34.42,19.24,71,76,3
63,Kodiak,US,39.27,39.95,-94.76,59,90,8.05
64,Busselton,AU,70.65,-33.64,115.35,43,32,6.96
65,Bluff,AU,70.43,-23.58,149.07,91,12,5.39
66,Santa Maria,BR,80.6,-29.69,-53.81,74,75,4.7
67,Ushuaia,AR,45.63,-54.81,-68.31,65,75,11.41
68,Kathu,ZA,91,-27.7,23.05,16,0,3
69,Alyangula,AU,78.8,-13.85,136.42,88,40,5.82
70,Namatanai,PG,82.22,-3.66,152.44,100,12,9.19
71,Port Lincoln,AU,61.25,-34.72,135.86,100,44,7.85
72,Vardo,US,41.54,39.62,-77.74,27,1,3.6
73,Fraserburgh,GB,56.23,57.69,-2.02,58,20,10.29
74,Iqaluit,CA,-16.32,63.75,-68.52,62,75,2.24
75,Teknaf,BD,72.5,20.86,92.31,83,0,2.71
76,Garden City,US,41.29,40.73,-73.63,35,1,3.49
77,Saint George,GR,67.17,39.45,22.34,59,20,8.05
78,Ponta do Sol,BR,84.56,-20.63,-46,80,0,4.94
79,Ilulissat,GL,-9.41,69.22,-51.1,76,90,14.99
80,Port Hardy,CA,39.2,50.7,-127.42,73,20,6.93
81,Tilichiki,RU,-23.54,60.47,166.1,34,0,3.38
82,Pangoa,PE,71.87,-12.12,-73,90,92,1.92
83,Dikson,RU,20.12,73.51,80.55,91,76,17.92
84,Rome,IT,56.52,41.89,12.48,50,40,3.36
85,Popondetta,PG,68.45,-8.77,148.24,95,88,1.7
86,Klaksvik,FO,41,62.23,-6.59,86,75,23.04
87,Zakamensk,RU,-0.23,50.38,103.29,64,0,2.37
88,Albany,US,33.62,42.65,-73.75,63,40,10.29
89,Ribeirao Bonito,BR,87.17,-22.07,-48.18,64,0,7.4
90,Marsh Harbour,BS,69.8,26.54,-77.06,100,92,7.96
91,Pontarlier,CH,43.77,46.9,6.35,51,75,8.05
92,Kolosovka,RU,18.23,56.47,73.61,81,32,7.18
93,Kamenka,RU,37.99,53.19,44.05,69,76,8.3
94,Katsuura,JP,46.98,33.93,134.5,87,20,5.82
95,Avarua,CK,75.2,-21.21,-159.78,100,64,1.12
96,Luderitz,NA,66.65,-26.65,15.16,75,24,5.73
97,Mercedes,UY,74.75,-33.25,-58.03,72,0,13.78
98,Yeppoon,AU,77,-23.13,150.74,83,12,2.37
99,Vasudevanallur,IN,75.74,9.24,77.41,82,36,3.15
100,Guerrero Negro,MX,52.07,27.97,-114.04,95,0,6.06
101,Caohai,CN,57.74,26.87,104.28,33,0,17.92
102,Bandarbeyla,SO,78.8,9.49,50.81,100,0,10.98
103,Nanortalik,GL,18.41,60.14,-45.24,100,24,17.58
104,Qaqortoq,GL,10.4,60.72,-46.03,39,20,13.87
105,Auki,NG,100.4,12.18,6.51,16,0,12.1
106,Saldanha,PT,60.8,41.42,-6.55,38,0,8.19
107,Tuatapere,NZ,57,-46.13,167.69,93,92,1.7
108,Te Anau,NZ,50.27,-45.41,167.72,100,8,2.15
109,Amazar,RU,6.89,53.86,120.88,57,0,2.37
110,Cacapava do Sul,BR,78.62,-30.51,-53.49,79,0,7.63
111,Sitka,US,48,37.17,-99.65,56,80,15.01
112,Leningradskiy,RU,-6.26,69.38,178.42,85,56,32.23
113,Dire,ET,71.87,9.18,38.92,20,0,8.75
114,Tiksi,RU,-28.85,71.64,128.87,45,0,3.15
115,Aksu,KZ,23,52.04,76.93,85,0,6.71
116,Missoula,US,25.18,46.87,-114,85,1,3.36
117,Lahad Datu,MY,78.53,5.02,118.33,90,76,6.62
118,Limon,US,34.75,39.26,-103.69,85,1,18.34
119,Gasa,BT,10.31,27.91,89.73,75,80,2.04
120,Khasan,RU,32.27,42.43,130.64,98,0,1.92
121,Kirovskiy,RU,43.88,45.09,133.51,50,56,7.29
122,Georgetown,GY,86.16,6.8,-58.16,70,20,13.87
123,Arraial do Cabo,BR,90.54,-22.97,-42.02,66,20,6.93
124,Victoria,BN,81.23,5.28,115.24,83,75,6.93
125,Camacupa,AO,77.45,-12.02,17.48,70,24,2.71
126,Bartica,GY,87.8,6.41,-58.62,58,75,9.17
127,Pisco,PE,71.6,-13.71,-76.2,30,20,5.82
128,Tondano,ID,77,1.3,124.91,94,20,2.24
129,Samarai,PG,78.62,-10.62,150.67,100,80,4.38
130,Lompoc,US,47.46,34.64,-120.46,93,1,5.17
131,Portel,PT,68,38.31,-7.71,24,0,11.41
132,Formosa,AR,80.6,-26.19,-58.17,74,20,5.82
133,Saint-Augustin,FR,55.87,44.83,-0.61,54,75,9.17
134,Midvale,US,36.36,40.61,-111.9,80,1,2.04
135,Qaanaaq,GL,-27.14,77.48,-69.36,80,0,8.41
136,Gao,ML,100.13,16.28,-0.04,17,0,4.72
137,Naze,NG,91.4,5.43,7.07,63,75,9.17
138,Bambous Virieux,MU,83.1,-20.34,57.76,70,40,11.41
139,Urussu,RU,25.7,54.6,53.47,81,0,3.15
140,San Ignacio,CL,53.6,-36.8,-72.03,58,0,18.34
141,New Norfolk,AU,61.9,-42.78,147.06,93,75,2.71
142,Kholm-Zhirkovskiy,RU,40.19,55.52,33.47,86,0,8.63
143,Vao,EE,34.25,59.1,26.19,100,92,5.39
144,Bubaque,GW,83.48,11.28,-15.83,83,0,9.75
145,Hamilton,CA,36.68,43.26,-79.87,74,20,5.82
146,Cabo San Lucas,MX,63.81,22.89,-109.91,62,5,7.63
147,Scarborough,GB,54,54.28,-0.41,71,56,12.75
148,Sesheke,NA,94.82,-17.47,24.29,26,0,7.07
149,Laredo,US,56.07,27.51,-99.51,82,1,5.73
150,Gumdag,TM,46.4,39.2,54.59,98,92,10.42
151,Manzanillo,CU,79.52,20.34,-77.12,100,8,6.73
152,Lagoa,PT,67.53,37.14,-8.45,72,0,8.05
153,Bethel,US,1.36,60.79,-161.76,84,1,8.05
154,Fortuna,ES,57.99,38.18,-1.13,58,75,11.41
155,Chuy,UY,73.67,-33.69,-53.46,87,0,19.6
156,Vostok,RU,36.95,46.45,135.83,55,68,7.18
157,Antofagasta,CL,66.2,-23.65,-70.4,63,20,8.05
158,Tautira,PF,78.37,-17.73,-149.15,78,56,5.82
159,Kruisfontein,ZA,71.69,-34,24.73,92,12,5.06
160,Quatre Cocos,MU,83.21,-20.21,57.76,70,40,11.41
161,Praia,BR,83.5,-20.25,-43.81,62,20,2.24
162,Griesheim,DE,50.45,49.86,8.58,39,0,3.36
163,Teya,MX,73.65,21.05,-89.07,78,75,6.93
164,Altamira,BR,86,-3.2,-52.21,70,75,4.7
165,Brae,GB,46.4,60.4,-1.35,93,75,26.4
166,Constitucion,MX,45.36,23.99,-104.67,80,5,1.7
167,Tuktoyaktuk,CA,15.8,69.44,-133.03,85,90,5.82
168,Poggibonsi,IT,52.23,43.47,11.15,53,75,13.87
169,Thompson,CA,33.8,55.74,-97.86,74,75,11.41
170,Copiapo,CL,62.6,-27.37,-70.33,72,90,6.93
171,Ukrayinka,UA,50.54,44.96,34.06,66,0,4.94
172,Mnogovershinnyy,RU,-5.36,53.94,139.92,54,0,2.15
173,Esperance,TT,86.63,10.24,-61.45,58,40,14.99
174,Port Hedland,AU,86,-20.31,118.58,74,56,8.05
175,Portland,US,51.94,45.52,-122.67,53,1,10.29
176,Lima,PE,73.69,-12.06,-77.04,73,0,4.7
177,Zelenogorskiy,RU,23,55.03,87,79,0,4.47
178,Kajaani,FI,33.8,64.22,27.73,86,90,9.17
179,Urbana,US,41.05,40.11,-88.21,69,1,4.7
180,Shaunavon,CA,25.7,49.65,-108.41,74,0,4.16
181,Bathsheba,BB,84.2,13.22,-59.52,58,40,17.22
182,Pechenga,RU,35.87,58.89,41.46,98,92,10.98
183,Goundam,ML,98.69,16.42,-3.66,21,0,5.61
184,Cuamba,MZ,83.12,-14.8,36.54,63,44,6.73
185,Mount Isa,AU,80.6,-20.73,139.49,47,0,4.7
186,Aklavik,CA,18.59,68.22,-135.01,85,90,2.04
187,Touros,BR,89.6,-5.2,-35.46,62,75,9.17
188,Beringovskiy,RU,-9.59,63.05,179.32,100,8,5.17
189,Ostrovnoy,RU,30.29,68.05,39.51,91,36,13.22
190,Baruun-Urt,MN,26.42,46.68,113.28,50,92,17.25
191,Saskylakh,RU,-16.34,71.97,114.09,47,76,3.27
192,Mehamn,NO,30.51,71.03,27.85,68,0,9.17
193,Batagay,RU,-30.74,67.65,134.64,50,0,2.93
194,Sosnovo-Ozerskoye,RU,10.67,52.53,111.54,58,20,8.86
195,Jacareacanga,BR,86,-6.22,-57.76,79,75,2.24
196,Northam,GB,52.61,51.04,-4.21,76,40,6.93
197,Smithers,CA,24.8,54.78,-127.17,92,5,2.24
198,Kilindoni,TZ,84.29,-7.91,39.67,99,0,11.88
199,Armizonskoye,RU,16.16,55.95,67.67,72,12,6.62
200,Lata,IN,41.45,30.78,78.62,92,20,1.92
201,Svetlogorsk,RU,24.8,53.14,59.15,79,40,4.47
202,Mahebourg,MU,83.05,-20.41,57.7,70,40,11.41
203,Kenai,US,31.59,60.55,-151.26,80,20,13.87
204,Salalah,OM,80.6,17.01,54.1,65,0,6.93
205,Kampot,KH,79.79,10.62,104.18,88,20,2.24
206,Lasa,CY,62.73,34.92,32.53,72,20,6.93
207,Garowe,SO,89.51,8.41,48.48,23,0,8.97
208,Nalut,LY,65.03,31.86,10.98,55,8,16.46
209,Marshalltown,US,37.62,42.04,-92.91,69,1,11.41
210,Papenburg,DE,50.61,53.08,7.39,72,20,3.36
211,Viedma,AR,66.83,-40.81,-62.99,41,0,16.46
212,Bayji,IQ,62.42,34.93,43.49,49,88,9.98
213,Nikolskoye,RU,39.29,59.7,30.79,80,75,6.71
214,Vila Velha,BR,84.38,-3.71,-38.6,74,75,8.05
215,Sibolga,ID,70.97,1.74,98.78,98,36,1.36
216,Teahupoo,PF,78.37,-17.83,-149.27,78,56,5.82
217,Cukai,MY,82.17,4.25,103.42,83,32,6.93
218,Mugango,TZ,83.12,-1.69,33.7,56,8,8.63
219,Yulara,AU,87.8,-25.24,130.99,18,8,10.29
220,Siretel,RO,45.68,47.4,26.73,70,75,10.29
221,Gambela,ET,86.27,8.25,34.59,36,32,4.61
222,Houma,CN,60.44,35.63,111.36,56,88,5.73
223,Hambantota,LK,80.6,6.12,81.12,83,20,4.7
224,Rock Sound,BS,77.72,24.9,-76.2,96,32,11.21
225,Serrinha,BR,97.52,-11.66,-39,39,0,5.5
226,Cabedelo,BR,87.8,-6.97,-34.84,66,40,9.17
227,Phuket,TH,84.2,7.89,98.4,66,20,6.93
228,Mangaratiba,BR,93.83,-22.96,-44.04,56,0,1.36
229,Majholi,IN,70.52,23.5,79.93,45,0,3.94
230,Aborlan,PH,81.32,9.44,118.55,97,76,14.56
231,Zhangjiakou,CN,45.32,40.77,114.88,52,92,3.38
232,Yellowknife,CA,26.96,62.45,-114.38,100,75,6.93
233,Kidal,ML,94.37,18.44,1.41,17,12,10.98
234,Dingle,PH,77.45,11,122.67,86,80,14
235,Ulaangom,MN,-3.56,49.98,92.07,61,0,2.48
236,Luanda,AO,77,-8.83,13.24,88,90,11.41
237,Mogadishu,SO,86,2.04,45.34,62,0,17.22
238,Xining,CN,22.73,36.62,101.77,50,0,2.04
239,Yanliang,CN,60.8,34.66,109.22,48,0,4.47
240,Palmer,AU,64.89,-34.85,139.16,82,0,5.82
241,Bankfoot,GB,50.97,56.5,-3.52,87,75,21.92
242,Mujiayingzi,CN,55.49,42.12,118.78,31,88,10.98
243,La Ronge,CA,37.4,55.1,-105.3,69,40,9.17
244,Broome,GB,53.96,52.47,1.45,71,40,8.05
245,Burns Lake,CA,19.22,54.23,-125.76,69,0,2.15
246,Deputatskiy,RU,-33.44,69.3,139.9,56,8,2.93
247,Leiyang,CN,72.77,26.42,112.85,77,76,16.24
248,Izumo,JP,42.8,35.37,132.75,87,20,5.82
249,Richards Bay,ZA,82.67,-28.77,32.06,68,24,8.52
250,Talcahuano,CL,57.2,-36.72,-73.12,44,0,18.34
251,Pacific Grove,US,47.59,36.62,-121.92,93,1,3.6
252,Havre-Saint-Pierre,CA,14,50.23,-63.6,47,90,10.29
253,Providencia,CO,58.37,1.24,-77.6,93,90,4.7
254,Tashla,RU,39.2,53.71,49.75,41,0,2.24
255,Uruzgan,AF,31.01,32.93,66.63,96,68,1.81
256,Geraldton,CA,24.8,49.72,-86.95,100,90,5.82
257,Slave Lake,CA,30.2,55.28,-114.77,74,1,8.05
258,Hisor,TJ,50,38.53,68.55,81,90,4.47
259,Novochernorechenskiy,RU,23.9,56.27,91.08,83,76,4.38
260,Cidreira,BR,76.28,-30.17,-50.22,92,92,11.21
261,Sao Filipe,CV,74.21,14.9,-24.5,85,44,13.89
262,Quesnel,CA,19.69,52.98,-122.49,92,1,2.15
263,Torbay,CA,24.84,47.66,-52.73,79,75,16.11
264,Rawson,AR,62.24,-43.3,-65.11,46,0,12.66
265,Chernyshevskiy,RU,4.28,63.01,112.47,77,56,2.26
266,Souillac,FR,54.07,45.6,-0.6,50,75,8.05
267,Port Elizabeth,US,43.63,39.31,-74.98,41,1,8.05
268,Mwense,ZM,83.12,-10.39,28.7,59,32,5.73
269,Sao Miguel do Araguaia,BR,88.61,-13.28,-50.16,92,12,4.5
270,Chapleau,CA,19.4,47.85,-83.4,92,40,4.7
271,Carson City,US,36,39.16,-119.77,95,1,2.82
272,Sechura,PE,79.07,-5.56,-80.82,72,8,4.83
273,Adrar,DZ,86,27.87,-0.29,20,0,7.63
274,Cody,US,29.68,44.53,-109.06,63,1,4.7
275,Ukiah,US,48.52,39.15,-123.21,81,1,1.92
276,Port Augusta,AU,66.11,-32.49,137.76,82,0,10.29
277,Gat,SN,91.4,14.69,-16.54,31,0,11.41
278,Mananjary,MG,70.07,-19.16,46.8,62,20,2.15
279,Solnechnyy,RU,9.14,50.72,136.64,69,56,3.6
280,Chicama,PE,69.8,-7.84,-79.15,83,40,10.29
281,Jeremie,HT,78.71,18.65,-74.12,95,0,0.58
282,Gull Lake,CA,30.2,50.1,-108.48,86,1,12.75
283,Arlit,NE,90.5,18.74,7.39,39,48,12.21
284,Iranshahr,IR,73.4,27.21,60.69,27,0,11.41
285,Belmonte,PT,62.01,40.36,-7.35,42,0,11.01
286,Hermiston,US,30.25,45.84,-119.29,100,90,1.03
287,Shenjiamen,CN,54.68,29.96,122.3,90,24,17.69
288,Alofi,NU,75.2,-19.06,-169.92,94,64,1.12
289,Karratha,AU,85.19,-20.74,116.85,50,0,6.85
290,Kindu,CD,90.32,-2.95,25.92,52,12,2.93
291,Ulladulla,AU,62.83,-35.36,150.48,100,40,3.36
292,Coihaique,CL,48.22,-45.58,-72.07,73,20,19.46
293,Taksimo,RU,7.34,56.36,114.84,61,44,2.15
294,Akom,GH,84.47,6.86,-1.64,89,32,2.93
295,Mitsamiouli,KM,87.8,-11.38,43.28,66,20,11.41
296,Nhulunbuy,AU,82.4,-12.18,136.78,88,40,4.7
297,Manyana,AU,64.87,-35.26,150.51,100,40,3.36
298,Isangel,VU,76.55,-19.55,169.27,100,92,12.1
299,Shellbrook,CA,24.8,53.22,-106.39,85,75,3.36
300,Laguna,MX,50,27.52,-110.01,87,5,4.7
301,Ponta Delgada,PT,57.78,37.73,-25.67,55,75,17.22
302,Makat,KZ,44.87,47.65,53.35,87,88,8.19
303,Kibre Mengist,ET,79.97,5.87,38.99,23,0,6.62
304,Wattegama,LK,71.42,7.35,80.68,92,32,2.15
305,Itarema,BR,85.37,-2.92,-39.92,90,68,6.06
306,Warrnambool,AU,63,-38.38,142.48,92,76,8.97
307,Kourou,GF,82.4,5.16,-52.64,74,90,9.17
308,Mahibadhoo,MV,84.74,3.78,72.97,100,24,9.98
309,Gobabis,NA,92.03,-22.45,18.97,20,0,4.38
310,Mabaruma,GY,82.67,8.2,-59.78,74,88,7.07
311,Tabou,CI,84.83,4.42,-7.36,97,0,11.21
312,Tupancireta,BR,78.17,-29.08,-53.84,99,20,4.61
313,Tagusao,PH,79.43,9.19,117.81,91,36,4.61
314,Birao,CF,99.32,10.3,22.78,11,0,10.2
315,Yarmouth,GB,51.84,50.71,-1.5,81,75,5.82
316,General Pico,AR,69.62,-35.66,-63.75,64,0,9.08
317,Changji,CN,65.75,32.07,116.17,75,80,12.55
318,Tamiahua,MX,60.17,21.28,-97.45,100,100,13.22
319,Sorong,ID,81.77,-0.86,131.25,100,44,4.61
320,Tabas,IR,64.4,33.6,56.92,40,0,2.24
321,Borba,PT,68,38.81,-7.46,28,0,5.82
322,Mar del Plata,AR,55.13,-46.43,-67.52,58,0,5.06
323,Leh,IN,0.59,34.16,77.58,73,44,1.7
324,Bahia Honda,CU,78.89,22.9,-83.16,76,0,3.15
325,Pangnirtung,CA,-25.61,66.15,-65.72,60,20,2.24
326,Mari,BR,85.8,-7.06,-35.32,66,40,9.17
327,Virginia Beach,US,46.72,36.85,-75.98,45,1,9.17
328,Pinega,RU,36.05,64.7,43.39,83,56,7.63
329,Petatlan,MX,71.6,17.52,-101.27,78,5,3.36
330,Cherskiy,RU,-13.73,68.75,161.3,62,56,6.4
331,Kaitangata,NZ,51.62,-46.28,169.85,87,48,3.49
332,Nerchinsk,RU,15.53,51.98,116.59,64,48,2.59
333,Moron,VE,77.72,10.49,-68.2,69,36,3.04
334,Norman Wells,CA,35.6,65.28,-126.83,74,75,3.36
335,Baturaja,ID,75.11,-4.12,104.17,95,56,2.93
336,Nizhniy Kuranakh,RU,3.47,58.84,125.49,77,64,2.48
337,Port Hawkesbury,CA,28.24,45.62,-61.36,58,1,12.75
338,Belaya Gora,RU,-23.72,68.54,146.19,35,44,2.93
339,Narsaq,GL,10.4,60.91,-46.05,39,20,13.87
340,Odesskoye,RU,11.57,54.21,72.97,70,0,2.93
341,Nome,US,55.56,30.04,-94.42,62,1,3.36
342,Orlik,RU,-2.84,52.51,99.83,68,56,1.7
343,Le Port,FR,44.92,42.87,1.37,68,24,123.01
344,Middelburg,ZA,83.57,-25.77,29.46,24,48,8.86
345,Ambilobe,MG,74.57,-13.19,49.05,95,76,1.36
346,Soyo,AO,87.8,-6.13,12.37,74,75,9.17
347,Inhambane,MZ,84.2,-23.87,35.38,74,75,11.41
348,Seoul,KR,43.95,37.57,126.98,81,1,1.12
349,North Myrtle Beach,US,49.32,33.83,-78.68,49,1,14.99
350,Labuhan,ID,73.49,-2.54,115.51,92,32,1.14
351,Blagoyevo,RU,34.79,63.37,47.92,89,92,6.51
352,Kankan,GN,101.66,10.38,-9.3,22,24,6.29
353,Airai,TL,69.89,-8.93,125.41,90,0,1.81
354,Homer,US,30.78,59.64,-151.54,74,40,8.05
355,Simplicio Mendes,BR,87.17,-7.85,-41.91,66,24,8.63
356,Gisors,FR,53.26,49.28,1.78,54,0,2.24
357,Jiaozuo,CN,59.27,35.21,113.25,80,100,4.61
358,Fairbanks,US,31.69,64.84,-147.72,91,1,8.05
359,Jianhu,CN,60.44,29.93,120.57,72,0,4.47
360,Okha,RU,-3.74,53.59,142.95,77,0,4.72
361,Butka,RU,19.67,56.72,63.78,89,20,5.73
362,Tongchuan,CN,60.8,34.9,108.95,48,0,4.47
363,Shumskiy,RU,17.96,54.83,99.13,66,64,2.26
364,Palauig,PH,76.55,15.44,119.9,89,0,4.05
365,Bredasdorp,ZA,71.46,-34.53,20.04,65,76,9.17
366,Shingu,JP,55.49,33.72,135.99,100,0,16.69
367,Pirovskoye,RU,22.82,57.63,92.27,84,80,3.6
368,Haines Junction,CA,36.5,60.75,-137.51,85,68,5.73
369,Mezen,RU,36.5,65.85,44.24,83,88,7.85
370,Vestmannaeyjar,IS,39.2,63.44,-20.27,86,40,34.45
371,Sioux Lookout,CA,30.2,50.1,-91.92,74,75,4.7
372,Severo-Kurilsk,RU,29.12,50.68,156.12,100,48,11.77
373,Lagos,NG,93.2,6.46,3.39,63,40,13.87
374,Bedele,ET,81.5,8.46,36.35,40,8,1.92
375,El Carmen,AR,68.56,-24.39,-65.26,93,75,2.24
376,Tiarei,PF,78.37,-17.53,-149.33,78,64,5.82
377,Puerto Escondido,MX,77,15.86,-97.07,65,75,2.93
378,Saurimo,AO,84.2,-9.66,20.4,58,40,6.93
379,Caldas Novas,BR,86.99,-17.75,-48.62,77,12,4.83
380,Santa Cruz,US,48.78,36.97,-122.03,100,20,2.37
381,Necochea,AR,63.86,-38.55,-58.74,42,0,4
382,Petropavlovsk-Kamchatskiy,RU,30.2,53.05,158.65,92,75,11.18
383,Banda Aceh,ID,76.55,5.56,95.32,98,36,2.26
384,Cuyamel,HN,75.85,15.66,-88.19,69,20,2.24
385,Namibe,AO,84.2,-15.19,12.15,66,20,10.29
386,Jacmel,HT,82.4,18.24,-72.54,61,20,14.99
387,Ada,US,29.48,47.3,-96.52,92,75,5.82
388,Talnakh,RU,9.95,69.49,88.39,87,88,8.19
389,Kochi,IN,86,9.96,76.25,70,0,4.7
390,Ionia,US,38.73,42.99,-85.07,64,1,3.36
391,Soe,EE,38.12,57.91,26.05,99,75,16.11
392,Chokurdakh,RU,-24.98,70.62,147.9,38,20,4.5
393,Bud,NO,41.05,62.91,6.91,45,75,16.11
394,Ahipara,NZ,61.16,-35.17,173.16,100,0,5.73
395,Taywarah,AF,29.12,33.35,64.42,86,0,2.48
396,Camabatela,AO,78.26,-8.19,15.37,81,8,4.38
397,Fontenay-le-Comte,FR,51.71,46.47,-0.81,66,0,6.93
398,Glenwood Springs,US,26.65,39.55,-107.33,67,1,2.59
399,Cooma,AU,55.4,-36.24,149.13,100,75,2.37
400,Ugoofaaru,MV,85.1,5.67,73,98,92,8.97
401,Parana,BR,80.6,-7.52,-72.89,88,75,3.71
402,Altona,US,42.26,41.11,-90.16,65,1,5.82
403,Nanakuli,US,67.53,21.39,-158.15,82,90,14.23
404,Turayf,SA,71.6,31.68,38.65,28,0,6.93
405,Male,UA,48.29,50.74,33.7,72,68,10.98
406,Dunedin,NZ,59,-45.87,170.5,91,0,1.99
407,Fernandopolis,BR,92.12,-20.28,-50.25,58,0,3.94
408,Kakonko,TZ,84.02,-3.28,30.97,44,12,4.83
409,Zhigansk,RU,-19.22,66.77,123.37,55,0,0.58
410,San Vicente,SV,80.78,13.64,-88.78,38,40,11.41
411,Bambanglipuro,ID,72.5,-7.95,110.28,98,88,2.93
412,Ternate,PH,79.56,14.29,120.72,69,75,6.93
413,Puerto Leguizamo,CO,77.9,-0.19,-74.78,91,76,3.04
414,Hofn,IS,39.65,64.25,-15.21,100,92,33.13
415,Sept-Iles,CA,15.8,50.2,-66.38,47,75,4.7
416,Provideniya,RU,-3.56,64.42,-173.23,100,0,18.48
417,Henties Bay,NA,66,-22.12,14.28,84,0,7
418,Tsumeb,NA,93.2,-19.25,17.72,24,40,10.29
419,Thinadhoo,MV,85.01,0.53,72.93,100,44,5.73
420,Mountain Home,US,34.86,43.13,-115.69,100,1,3.36
421,Ancud,CL,51.8,-41.87,-73.83,66,20,11.41
422,San Quintin,PH,69.62,17.54,120.52,84,0,2.37
423,Pella,US,39.4,41.41,-92.92,64,1,6.93
424,Sao Joao da Barra,BR,87.8,-21.64,-41.05,66,0,2.24
425,Daru,SL,93.29,7.99,-10.85,42,32,7.4
426,Poum,MK,53.6,41.28,20.71,58,40,6.93
427,Xuanzhou,CN,61.43,30.95,118.78,64,92,10.65
428,Hami,CN,38.12,42.84,93.51,69,68,9.31
429,Nishihara,JP,52.9,35.74,139.53,71,0,3.36
430,Zverinogolovskoye,RU,19.04,54.46,64.85,73,12,6.96
431,Kahului,US,63.27,20.89,-156.47,68,20,8.05
432,Havoysund,NO,32,71,24.66,100,75,12.75
433,Tymovskoye,RU,5.18,50.85,142.66,65,20,2.71
434,Kirkwood,ZA,71.6,-33.4,25.44,88,75,10.29
435,Manoel Urbano,BR,85.01,-8.84,-69.26,75,48,2.93
436,Shaoxing,CN,59.95,30,120.58,72,0,4.47
437,Red Wing,US,37.78,44.56,-92.53,51,1,4.7
438,Lazaro Cardenas,MX,45.48,28.39,-105.62,59,20,3.36
439,Klyuchi,RU,18.23,52.25,79.17,85,0,6.51
440,Binzhou,CN,66,37.38,117.96,40,88,1.01
441,Esil,KZ,22.19,51.96,66.41,82,8,10.2
442,Payo,ID,75.65,-3.75,103.64,92,44,1.03
443,Havre,US,27.05,48.55,-109.68,92,1,11.41
444,Prince Rupert,CA,33.8,54.32,-130.32,95,1,2.24
445,Manta,RO,48,45.1,24.1,88,44,4
446,Armilla,ES,60.75,37.14,-3.63,25,40,8.05
447,Roald,NO,41.07,62.58,6.12,45,75,16.11
448,Coquimbo,CL,59,-29.95,-71.34,87,90,2.24
449,Maceio,BR,91.4,-9.67,-35.74,46,40,2.24
450,Axim,GH,84.83,4.87,-2.24,94,8,13.67
451,Gazojak,TM,55.22,41.19,61.4,64,64,5.5
452,Honiara,SB,74.21,-9.43,159.96,100,76,1.59
453,Bratsk,RU,21.09,56.15,101.63,79,80,6.71
454,Orotukan,RU,-20.66,62.26,151.67,56,20,2.59
455,Charagua,BO,75.2,-19.79,-63.2,88,75,10.2
456,Malumfashi,NG,98.69,11.79,7.62,15,0,12.88
457,Pedernales,EC,72.23,0.07,-80.05,100,100,6.73
458,Mopti,ML,101.03,14.49,-4.19,28,0,4.61
459,Benton Harbor,US,39.6,42.12,-86.45,87,1,3.36
460,Moses Lake,US,31.64,47.13,-119.28,86,1,5.82
461,Buraydah,SA,78.8,26.33,43.97,27,0,8.05
462,Sokoni,CD,77,-12.89,28.78,68,68,3.27
463,San Rafael,AR,60.62,-34.61,-68.33,25,8,12.21
464,Gualeguay,AR,68.36,-33.15,-59.31,92,92,13.67
465,Banikoara,BJ,103.1,11.3,2.44,20,0,9.42
466,Novoagansk,RU,20.3,61.94,76.66,87,36,3.04
467,Hegang,CN,35.6,47.34,130.28,64,76,6.06
468,Koppies,ZA,85.1,-27.24,27.57,25,0,8.75
469,Abha,SA,72.55,18.22,42.5,26,20,16.11
470,Chinsali,ZM,77,-10.55,32.07,68,44,5.61
471,Nisia Floresta,BR,89.6,-6.09,-35.21,62,40,10.29
472,Casino,AU,70.97,-28.86,153.05,83,90,5.82
473,Santa Maria da Vitoria,BR,86.81,-13.39,-44.19,67,20,5.84
474,Wanxian,CN,64.49,30.8,108.39,65,64,6.29
475,Assens,CH,44.01,46.61,6.62,51,75,8.05
476,Pecos,US,45.84,31.42,-103.49,65,1,3.36
477,Lorengau,PG,81.23,-2.02,147.27,100,56,10.98
478,Conde,BR,93.29,-11.81,-37.61,59,0,7.85
479,Champerico,MX,69.8,16.38,-93.6,68,75,11.41
480,Awjilah,LY,79.7,29.14,21.3,27,88,3.94
481,Taybad,IR,45.5,34.74,60.78,66,44,8.41
482,Shagamu,NG,93.2,6.84,3.65,63,40,13.87
483,Abu Dhabi,AE,71.6,24.47,54.37,43,0,16.11
484,Lujan,AR,53.42,-46.57,-67.67,37,0,6.62
485,Valdivia,CL,51.8,-39.81,-73.25,71,0,3.36
486,Phonhong,LA,77,18.5,102.42,69,75,6.93
487,Kokopo,PG,79.43,-4.34,152.27,100,8,5.61
488,Longyearbyen,NO,15.8,78.22,15.63,72,75,10.29
489,Okhotsk,RU,0.5,59.36,143.24,100,8,4.94
490,Lelydorp,SR,85.39,5.69,-55.21,66,75,9.17
491,Nikki,BJ,101.3,9.94,3.21,27,12,4.27
492,Mount Gambier,AU,60.8,-37.83,140.78,87,40,8.05
493,Cascais,PT,68.34,38.7,-9.42,30,0,9.17
494,Manali,IN,7.16,32.25,77.19,92,48,1.7
495,Campbell River,CA,34.03,50.02,-125.24,92,5,4.7
496,La Asuncion,EC,58.23,-1.64,-78.74,76,75,4.7
497,Pochutla,MX,78.75,15.74,-96.47,78,75,2.37
498,Paramonga,PE,71.15,-10.68,-77.82,96,0,8.97
499,Mayo,CA,48.2,63.59,-135.9,39,40,8.05
500,Den Helder,NL,52.12,52.96,4.76,87,40,11.41
501,Rundu,NA,94.1,-17.91,19.77,25,48,7.96
502,Jalingo,NG,102.47,10.3,10.93,14,0,10.65
503,Litovko,RU,18.77,49.24,135.18,73,92,9.75
504,Akranes,IS,37.09,64.32,-22.07,80,75,35.57
505,Qarqin,AF,59,37.41,66.03,48,64,9.64
506,Dobryanka,RU,41,58.45,56.42,35,0,2.24
507,Kolyshley,RU,37.99,52.7,44.54,69,76,5.39
508,Darlowo,PL,39.02,54.42,16.41,99,0,15.35
509,Nizwa,OM,72.14,22.93,57.53,9,0,8.97
510,Shache,CN,53.6,38.42,77.24,28,64,9.64
511,Camacha,PT,63.64,33.08,-16.33,67,75,13.87
512,Alice Springs,AU,77,-23.7,133.88,23,0,10.42
513,Chapais,CA,-0.41,49.78,-74.86,70,1,2.24
514,Pandan,PH,81.68,11.72,122.09,94,80,22.28
515,Kosh-Agach,RU,4.1,49.99,88.66,67,36,2.71
516,Susuman,RU,-30.2,62.78,148.15,44,8,2.48
517,Havelock,US,50.29,34.88,-76.9,66,1,19.46
518,Hundested,DK,43.95,55.97,11.85,39,0,12.75
519,Shubarkuduk,KZ,40.37,49.15,56.49,79,92,9.86
520,Margate,AU,61.92,-43.03,147.26,93,75,3.71
521,Marawi,PH,75,8,124.29,94,44,4
522,Aripuana,BR,89.87,-9.17,-60.63,67,0,3.04
523,Kurikka,FI,29.37,62.62,22.4,92,90,11.41
524,Kalmunai,LK,75.92,7.42,81.82,95,8,5.28
525,Tirumullaivasal,IN,80.24,11.24,79.84,88,0,10.09
526,Zaysan,KZ,12.29,47.47,84.87,82,20,1.7
527,Mbeya,TZ,74.03,-8.91,33.47,69,12,2.82
528,Son Tay,VN,73.4,21.14,105.5,100,40,6.93
529,Kearney,US,34.83,40.7,-99.08,100,90,6.93
530,Fukue,JP,47.98,35.03,136.69,93,20,5.82
531,Acapulco,MX,77,16.86,-99.88,83,20,4.7
532,Tete,MZ,86,-16.16,33.59,70,40,2.24
533,Marlborough,GB,53.06,51.42,-1.73,71,90,8.05
534,Gainesville,US,57.78,29.65,-82.33,58,1,9.17
535,Chaplynka,UA,50.54,46.36,33.54,69,0,11.43
536,Vagamo,NO,27.23,61.88,9.1,73,44,2.26
537,Jardim,BR,86.63,-21.48,-56.15,90,24,6.73
538,Yenagoa,NG,90.59,4.92,6.26,66,0,8.41
539,Moranbah,AU,70.52,-22,148.04,87,0,2.82
540,Buluang,PH,80.6,10.47,123.98,78,40,9.17
541,Vega de Alatorre,MX,60.08,20.03,-96.65,100,68,7.29
542,Sidi Ali,DZ,56.66,36.1,0.42,71,44,5.73
543,Darnah,LY,61.34,32.77,22.64,100,0,8.3
544,Inta,RU,35.06,66.04,60.13,86,88,7.96
545,Yar-Sale,RU,17.24,66.83,70.83,74,0,12.88
546,Monte Alegre,BR,86.99,-2,-54.07,75,8,3.15
547,Suoyarvi,RU,34.88,62.08,32.35,97,92,3.94
548,Wetter,DE,48.09,50.9,8.72,42,40,4.7
549,Koslan,RU,34.43,63.46,48.9,87,92,6.62
550,Anuchino,RU,43.97,43.97,133.06,45,44,6.73
551,Port Blair,IN,84.83,11.67,92.75,99,0,2.15
552,Batagay-Alyta,RU,-32.36,67.8,130.41,51,0,2.93
553,Mandera,ET,99.86,3.94,41.86,20,0,9.31
554,Matagami,NG,96.17,9.67,8.4,19,0,5.06
555,Fare,PF,82.49,-16.7,-151.02,100,68,3.04
556,Vanimo,PG,81.32,-2.67,141.3,100,88,12.77
557,Palu,ID,63.86,-0.9,119.87,92,0,1.14
558,Parrita,CR,72.5,9.52,-84.33,64,0,12.75
559,Nyurba,RU,-7.61,63.29,118.35,61,12,2.59
560,Nantucket,US,38.48,41.28,-70.1,41,1,13.87
561,Konevo,BG,64,41.67,25.61,64,8,4
562,Meadow Lake,CA,32,54.13,-108.44,75,40,9.17
563,Puri,ID,77,-7.54,112.45,94,20,4.7
564,Astorga,ES,58.37,42.46,-6.05,43,20,13.87
565,Komsomolskiy,RU,25.07,67.55,63.78,87,76,13.89
566,Monroe,US,39.47,41.91,-83.4,74,1,3.94
567,Slonim,BY,42.8,53.09,25.32,63,24,14.23
568,Egvekinot,RU,-17.96,66.32,-179.17,48,48,2.15
569,Mildura,AU,68,-34.18,142.16,40,0,4.7
570,San Policarpo,PH,78.62,12.18,125.51,94,92,13.67
571,Kirriemuir,GB,50.65,56.67,-3.01,87,75,21.92
572,Ust-Koksa,RU,15.17,50.27,85.62,84,76,1.92
573,Yeadon,GB,53.87,53.86,-1.69,66,40,16.11
574,Athboy,IE,54.5,53.62,-6.92,87,75,11.41
575,Najran,SA,80.6,17.54,44.22,15,5,12.75
576,Kadoma,ZW,84.02,-18.34,29.91,39,0,12.77
577,Suibara,JP,42.91,37.83,139.23,79,0,2.71
578,Los Llanos de Aridane,ES,64.42,28.66,-17.92,60,75,14.99
579,Radom,PL,45,51.4,21.15,66,20,9.17
580,Gunjur,GM,100.4,13.18,-16.76,18,0,4.7
581,Saint-Pierre,FR,52.43,48.95,4.24,58,20,9.17
582,Iguape,BR,83.12,-24.7,-47.56,87,0,10.65
583,Sangar,RU,-17.51,63.92,127.47,50,0,2.48
584,Bowen,AU,75.52,-20.01,148.25,94,20,1.12
585,Nemuro,JP,31.55,43.32,145.57,100,44,16.24
586,Garissa,KE,95.45,-0.46,39.64,35,0,9.19
587,Katherine,AU,80.6,-14.47,132.26,74,76,4.7
588,Panguipulli,CL,53.26,-39.64,-72.33,71,0,3.36
589,Sola,FI,36.32,62.78,29.36,93,90,1.12
590,Platteville,US,37.87,42.73,-90.48,70,1,5.82
591,Kawalu,ID,68.9,-7.38,108.21,97,92,2.15
592,Shymkent,KZ,51.8,42.31,69.59,66,0,4.47
593,Stykkisholmur,IS,38.57,65.08,-22.73,94,88,19.04
594,Beira,ES,54.18,43.2,-8.36,76,75,9.17
595,Swan Hill,AU,57.65,-35.34,143.56,83,0,2.71
596,Arandis,NA,66,-22.42,14.98,84,0,7
597,Zyryanka,RU,-19.85,65.73,150.89,57,8,1.81
598,Kalat,PK,46.04,29.03,66.58,57,20,5.73
599,Saint Anthony,US,24.98,43.97,-111.68,67,1,3.36
600,Ararat,AU,63,-37.28,142.93,87,0,5.01
601,Ciudad Bolivar,VE,89.42,8.12,-63.55,48,0,12.66
602,Akureyri,IS,39.2,65.68,-18.09,60,40,20.8
603,Half Moon Bay,US,50.18,37.46,-122.43,93,75,4.38
604,Ylojarvi,FI,34.81,61.56,23.6,86,90,5.82
605,Balkhash,KZ,28.13,46.84,74.98,78,0,16.46
606,Kyshtovka,RU,18.95,56.56,76.62,83,0,7.52
607,Marshall,US,42.1,39.39,-87.69,85,1,3.36
608,Rafai,CF,95.54,4.95,23.92,36,8,8.75
609,Worland,US,29.97,44.02,-107.96,79,1,2.48
610,Matara,PE,37.4,-13.74,-72.9,328,75,2.37
611,Along,IN,54.41,28.17,94.8,91,92,1.7
612,Husavik,CA,24.17,50.56,-96.99,98,20,5.01
613,Algeciras,ES,67.32,36.13,-5.45,46,20,11.41
614,Carutapera,BR,81.68,-1.2,-46.02,90,100,6.17
615,Cape Coast,GH,91.22,5.11,-1.24,53,12,7.63
616,Akdepe,TM,57.47,42.05,59.39,61,0,9.17
617,Nouadhibou,MR,78.8,20.93,-17.03,47,56,10.29
618,Farsund,NO,43.36,58.09,6.8,69,8,8.99
619,Nizhneangarsk,RU,5.81,55.78,109.57,74,36,2.48
620,Itoman,JP,59.65,26.12,127.67,63,20,5.82
621,Berlevag,NO,29.48,70.86,29.09,100,40,12.75
622,Bintulu,MY,80.2,3.17,113.03,88,75,2.24
623,Pachino,IT,59.68,36.72,15.09,82,40,2.24
624,Phalodi,IN,73.49,27.13,72.36,29,0,7.52
625,Krasnyy Yar,RU,31.46,50.7,44.73,99,0,2.37
626,Muros,ES,56.39,42.77,-9.06,66,75,13.87
627,Frontera,MX,66.2,18.53,-92.64,93,90,10.29
628,Fredericksburg,US,44.15,38.3,-77.46,45,1,4.7
629,Bossangoa,CF,99.32,6.5,17.45,24,0,9.98
630,Karangasem,ID,77.99,-6.7,108.49,100,92,4.83
631,Turbat,PK,73.85,26,63.05,31,0,7.52
632,Dubti,ET,95,11.74,41.09,17,0,6.62
633,Porosozero,RU,36.41,62.72,32.71,89,68,3.71
634,Cayenne,GF,82.4,4.94,-52.33,74,90,9.17
635,Kavaratti,IN,82.04,10.57,72.64,100,0,8.63
636,Haapiti,PF,78.37,-17.57,-149.87,78,44,5.82
637,Magdagachi,RU,12.11,53.45,125.8,65,0,3.94
638,Awbari,LY,85.37,26.59,12.77,17,64,15.23
639,Avera,US,50.52,33.19,-82.53,39,1,12.75
640,Karpathos,GR,64.4,35.51,27.21,63,20,6.93
